5.3662 -11.730 0.992 
6.6197 -9.347 0.956 
6.6494 -8.983 0.926 
9.4232 -10.233 0.786 
10.3418 -12.376 0.911 
16.6964 -9.214 0.842 
19.6031 -13.124 0.912 
28.6765 -8.376 0.938 
33.3674 -10.695 0.770 
34.6574 -10.086 0.942 
49.6128 -12.142 0.824 
58.6295 -11.882 0.973 
61.4598 -11.574 0.811 
61.5096 -14.930 0.984 
61.6268 -12.729 0.868 
64.6706 -11.979 0.941 
68.6434 -9.115 0.907 
69.6041 -10.090 0.926 
72.6884 -11.290 0.846 
73.3857 -10.076 0.903 
73.5429 -10.557 0.916 
74.4490 -7.440 0.887 
74.5273 -7.412 0.938 
76.4687 -7.241 0.980 
78.5669 -7.059 0.858 
78.6670 -9.842 0.978 
79.6421 -10.386 0.949 
80.4187 -10.657 0.863 
81.6649 -9.606 0.839 
82.3125 -7.891 0.850 
82.3627 -8.873 0.901 
83.3364 -9.544 0.881 
85.4117 -8.246 0.907 
88.6074 -10.573 0.870 
91.5664 -10.177 0.943 
93.4555 -11.319 0.943 
93.5159 -13.070 0.851 
102.6612 -11.801 0.872 
104.5791 -10.494 1.003 
109.5871 -9.819 0.919 
110.4352 -9.436 0.946 
115.3686 -8.389 0.875 
117.4878 -8.780 0.855 
121.6690 -9.773 0.962 
123.4656 -9.882 0.848 
123.5516 -11.186 0.828 
123.6220 -10.318 0.804 
124.4904 -10.541 0.848 
125.5255 -12.296 0.892 
125.6651 -14.244 0.769 
126.6758 -10.748 0.974 
127.3475 -10.294 0.919 
128.5170 -11.167 0.939 
129.5666 -10.867 0.963 
130.4352 -10.786 0.817 
132.6078 -13.703 0.902 
133.4789 -11.738 0.876 
136.4042 -12.006 0.935 
138.4347 -10.291 0.810 
138.5198 -12.465 0.865 
139.4290 -10.864 0.819 
141.5662 -9.900 0.845 
142.4227 -9.837 0.941 
144.4401 -10.651 0.992 
147.6863 -11.037 0.893 
152.6367 -9.117 0.861 
153.4393 -6.316 0.860 
154.4880 -7.574 0.848 
157.6632 -8.233 0.959 
160.6440 -6.714 0.901 
161.3530 -7.522 0.835 
163.3374 -7.776 0.831 
164.3978 -8.303 0.886 
164.4275 -7.554 0.905 
165.4198 -11.024 0.904 
167.3373 -9.511 0.883 
167.5848 -10.263 0.778 
169.6243 -8.135 0.837 
170.6175 -9.406 0.903 
177.3084 -9.316 0.923 
177.5056 -9.697 0.935 
178.6505 -6.389 0.880 
179.5602 -6.915 0.883 
179.5832 -7.124 0.927 
180.5646 -6.103 0.965 
182.4304 -7.842 0.938 
183.4079 -8.651 0.797 
183.6304 -9.981 0.906 
189.4551 -7.718 0.861 
203.5430 -11.856 0.962 
204.4508 -11.427 0.871 
205.4146 -11.591 0.897 
222.6618 -11.283 0.943 
227.6832 -10.908 1.043 
231.4824 -6.116 0.855 
236.5529 -9.021 0.832 
393.3775 -6.822 0.989 
399.4834 -9.039 1.019 
401.4528 -12.996 0.885 
402.5423 -11.759 0.877 
404.3039 -11.944 0.877 
413.3766 -9.114 0.990 
425.6561 -12.508 0.830 
432.4126 -7.639 0.878 
432.4185 -8.172 0.855 
433.6418 -9.027 0.841 
433.6527 -8.565 0.918 
434.3800 -7.934 0.847 
435.3298 -8.596 0.898 
438.3518 -8.410 0.913 
438.6988 -8.786 0.891 
439.5787 -9.057 0.911 
441.4122 -7.934 0.935 
441.4642 -8.516 0.981 
441.6697 -9.636 0.925 
442.3139 -6.859 0.903 
442.4114 -8.711 0.922 
443.4186 -9.631 0.935 
443.4438 -9.546 0.901 
445.4641 -11.528 0.919 
446.3365 -11.084 0.948 
450.6496 -11.520 0.910 
455.4618 -10.055 0.891 
456.5282 -10.779 0.970 
456.6472 -11.477 0.910 
456.6661 -11.560 0.903 
457.4959 -8.853 0.891 
457.6022 -10.698 0.960 
458.5006 -11.269 0.943 
459.4491 -9.837 0.919 
462.6162 -11.153 1.096 
463.3643 -14.085 0.910 
463.4780 -13.108 0.942 
465.6001 -14.502 0.907 
466.3528 -13.012 0.960 
467.3615 -13.538 0.894 
467.4595 -14.585 0.919 
469.4123 -13.971 0.935 
469.4169 -15.175 0.898 
469.5272 -15.904 0.877 
471.5223 -10.369 0.990 
473.5902 -11.217 0.913 
474.4889 -11.072 0.882 
475.3023 -12.928 0.946 
479.4468 -12.151 0.864 
481.5647 -10.746 0.930 
484.4503 -14.833 0.893 
493.6469 -12.313 0.924 
496.4076 -14.443 0.905 
497.3619 -16.033 1.031 
499.3655 -14.708 0.877 
500.4130 -16.449 0.904 
500.4465 -12.807 0.926 
500.4649 -14.290 0.827 
502.3583 -13.410 0.840 
502.4206 -14.609 0.974 
502.4628 -12.122 0.948 
503.3524 -13.473 0.896 
505.5499 -14.049 0.964 
507.4712 -10.065 0.895 
508.6314 -12.323 0.945 
509.5707 -13.030 0.893 
510.3296 -11.865 0.940 
510.4538 -12.169 0.914 
513.3152 -12.417 0.933 
515.3454 -11.766 0.962 
516.3905 -13.252 0.930 
516.4185 -10.644 0.955 
517.6977 -13.984 0.864 
518.3186 -10.761 0.841 
520.3240 -10.788 0.890 
522.4751 -11.978 0.931 
522.6693 -9.568 0.878 
529.4248 -9.017 0.978 
529.5246 -11.067 0.941 
531.4041 -9.986 0.941 
532.4483 -12.024 0.950 
533.4149 -9.818 0.957 
533.5956 -11.570 0.882 
538.6155 -12.469 0.973 
538.6848 -13.291 0.976 
540.4768 -13.894 0.882 
541.4994 -12.914 0.872 
542.6450 -8.695 0.931 
543.3948 -11.307 0.926 
543.4682 -6.980 0.856 
543.6728 -10.513 0.899 
544.4181 -9.324 1.020 
545.4055 -7.374 0.996 
545.4801 -7.484 0.883 
550.3572 -8.583 0.891 
562.6519 -10.323 0.938 
567.7000 -9.105 0.924 
570.4224 -12.266 0.864 
570.4402 -10.236 0.881 
575.3021 -13.831 0.953 
577.3825 -17.369 0.932 
589.5340 -13.822 0.906 
596.3083 -15.787 0.876 
596.6788 -16.481 0.931 
