13.6750 10.662 0.906 
18.3167 4.938 0.890 
32.3048 9.798 0.862 
39.3411 4.961 0.980 
40.5017 3.589 0.873 
44.5379 11.265 0.917 
50.4501 9.407 0.847 
53.5779 4.024 0.813 
61.3536 9.794 0.961 
61.5361 10.002 0.899 
65.3768 10.528 0.833 
66.4602 7.618 0.922 
66.4623 7.113 0.891 
66.6023 7.389 0.874 
67.6454 6.651 0.857 
71.5063 8.016 0.971 
71.5836 8.848 0.825 
77.3820 10.605 0.952 
78.6211 12.214 0.822 
80.3156 13.222 0.978 
81.4926 11.548 0.857 
82.3303 11.107 0.906 
82.3338 11.155 0.866 
82.4773 8.534 0.915 
82.5542 8.489 0.931 
83.3076 10.211 0.834 
84.5872 5.937 0.838 
84.6024 5.106 0.865 
84.6763 8.327 0.788 
86.4237 5.185 0.909 
86.4612 6.720 0.926 
86.4798 4.828 0.868 
88.4979 4.474 0.908 
88.6097 4.492 0.833 
89.4485 7.062 0.858 
92.3179 11.482 0.864 
93.5087 12.820 0.980 
96.6454 9.020 0.930 
99.6708 9.694 0.872 
100.4990 9.227 0.854 
102.3565 6.954 0.867 
103.4266 6.254 0.989 
104.3291 6.204 0.865 
106.3862 3.191 0.811 
107.3085 4.485 0.905 
108.6744 5.843 0.933 
112.4549 8.052 0.921 
112.5715 11.176 0.918 
113.3924 8.514 0.926 
115.6018 4.253 0.853 
117.4583 7.380 0.939 
117.4975 5.757 0.932 
117.6083 6.224 0.916 
118.3167 6.648 0.872 
119.3712 5.197 0.881 
119.4282 6.434 0.915 
119.4824 7.853 0.869 
119.5340 6.100 0.889 
120.6750 6.107 0.827 
121.5637 5.438 0.918 
123.3616 7.529 0.893 
128.4862 5.951 0.798 
129.3592 4.795 0.907 
130.4187 5.427 0.899 
131.6087 5.627 0.929 
131.6370 5.617 0.930 
133.5640 3.893 0.885 
134.6851 3.735 0.942 
140.6438 9.783 0.926 
140.6845 9.000 0.903 
142.5043 8.954 0.942 
146.5654 5.301 0.937 
147.3792 3.067 0.949 
147.4308 4.665 0.869 
149.4645 4.516 0.923 
151.6147 4.779 0.861 
152.3240 2.344 0.813 
152.3430 4.684 0.939 
152.6474 6.307 0.966 
155.3063 7.037 1.036 
156.3995 7.480 0.844 
156.4492 9.533 0.891 
157.3600 9.424 0.899 
157.4528 10.643 0.947 
159.3448 9.234 0.912 
160.4361 9.084 0.913 
161.5002 6.781 0.839 
162.6851 6.105 0.917 
164.5678 6.210 0.960 
168.4226 4.373 0.812 
169.4086 6.623 0.965 
169.6655 5.072 0.914 
170.6998 8.040 0.934 
171.3441 9.292 0.916 
171.5147 8.889 0.932 
173.4460 8.337 0.951 
174.3520 12.292 0.915 
174.3612 10.225 0.825 
176.6018 12.621 0.881 
182.4063 3.786 0.904 
186.4940 8.224 0.829 
195.3619 8.762 0.993 
199.5930 4.985 0.873 
219.6130 9.165 0.853 
220.6061 10.305 0.851 
223.3282 9.017 0.839 
225.3957 8.292 0.959 
231.5931 4.358 0.837 
232.4450 4.121 0.867 
240.3033 10.208 0.850 
241.3198 7.641 0.959 
372.5744 4.314 0.848 
376.4542 6.267 0.970 
382.5990 5.243 0.964 
389.5535 2.909 0.969 
403.4908 3.178 0.883 
411.4947 7.625 0.933 
429.3633 7.896 0.820 
431.6055 7.600 0.826 
431.6910 7.695 0.853 
432.3094 10.735 0.948 
437.3990 2.352 0.880 
440.6163 4.258 0.842 
441.4288 3.638 1.016 
442.5882 4.075 0.942 
443.6837 6.431 0.928 
445.4151 7.644 0.852 
446.5795 8.674 0.938 
447.3430 8.345 0.865 
447.4746 7.212 0.987 
449.6075 8.558 0.849 
450.4970 5.086 0.828 
450.4978 6.549 0.912 
452.5074 5.102 0.884 
453.5198 3.878 0.862 
455.4471 4.152 0.907 
456.5521 3.808 0.852 
457.4880 3.130 0.934 
457.6296 4.855 0.845 
460.6919 4.190 0.885 
462.6095 8.652 0.957 
465.6503 3.100 0.928 
468.5018 2.559 0.937 
472.3011 4.594 0.847 
472.5353 3.922 0.812 
473.3589 2.434 0.896 
473.5340 4.635 0.891 
474.6275 5.520 0.949 
478.3728 5.028 0.900 
480.4178 3.761 0.932 
481.3801 3.646 0.904 
484.3638 2.659 0.960 
484.6031 0.869 0.989 
487.6307 3.978 0.880 
488.5608 5.069 0.903 
491.5923 6.897 0.888 
494.3917 4.843 0.905 
495.5332 5.616 0.854 
495.5520 3.114 0.891 
495.5704 4.186 0.926 
495.6863 2.060 0.825 
497.6158 3.776 0.957 
498.6784 1.068 0.926 
502.4246 3.486 0.888 
504.3366 4.389 0.831 
504.3457 3.263 0.833 
506.6773 4.355 0.844 
511.3816 6.276 0.880 
511.3974 8.181 0.919 
512.6293 7.031 0.905 
515.6614 0.792 1.005 
517.4081 2.126 0.847 
517.6597 1.552 0.804 
519.4064 1.000 0.895 
520.6400 3.178 0.924 
523.4296 5.421 0.834 
525.3920 8.350 0.991 
526.5836 8.620 0.907 
526.6241 8.296 0.766 
527.5777 8.420 0.859 
527.6062 7.996 1.047 
532.4616 5.504 0.893 
532.4618 4.608 0.797 
533.5743 5.551 0.924 
534.3526 4.817 0.920 
534.3738 4.047 0.909 
536.6243 5.039 0.964 
537.3292 6.059 0.822 
537.4504 5.321 0.934 
540.6368 5.494 0.995 
543.5802 7.540 0.900 
544.6824 6.528 0.895 
549.4046 5.633 0.887 
549.4754 6.619 0.848 
557.5732 6.736 0.951 
560.4056 5.994 0.898 
563.3445 6.639 0.888 
579.3887 2.416 0.899 
584.5549 4.029 0.884 
590.4764 11.575 0.950 
