7.4218 -8.925 0.991 
11.3875 -9.636 1.076 
45.5227 -6.084 0.796 
48.3723 -9.425 0.921 
55.3194 -5.043 0.993 
60.5566 -8.704 0.843 
64.5105 -9.377 0.880 
65.3699 -10.952 0.874 
65.4896 -10.227 0.921 
66.5200 -8.836 0.820 
69.3232 -6.074 0.890 
70.3094 -7.046 0.871 
71.6159 -7.461 0.914 
72.5559 -4.786 0.900 
72.6577 -6.465 0.861 
73.3933 -4.044 0.920 
74.3100 -2.926 0.944 
74.3722 -6.325 0.890 
75.5053 -2.652 0.954 
79.3049 -6.215 0.906 
81.3965 -6.585 0.848 
83.3797 -5.430 0.891 
90.4767 -7.192 0.983 
91.5598 -6.699 0.842 
95.4156 -7.530 0.963 
95.5322 -3.636 0.900 
95.5505 -5.910 0.926 
95.6231 -5.548 0.875 
97.6622 -5.851 0.952 
103.6962 -5.283 0.899 
104.5699 -5.263 0.855 
105.5064 -6.005 0.889 
106.3624 -6.118 0.900 
108.5353 -6.293 0.818 
108.6851 -5.399 0.890 
109.5589 -5.568 0.924 
111.3183 -5.839 0.944 
112.5354 -2.279 0.887 
113.4287 -0.549 0.912 
116.5125 -1.821 0.922 
117.3188 -3.604 0.872 
117.4427 -4.289 0.895 
120.4606 -3.923 0.904 
122.5560 -3.664 0.914 
123.3977 -2.707 0.900 
125.5370 -7.403 0.936 
125.5851 -6.010 0.838 
126.4773 -8.511 0.881 
126.6877 -7.034 0.876 
127.4391 -5.710 0.956 
130.4580 -6.897 0.861 
131.3236 -5.558 0.940 
131.4060 -7.223 0.923 
132.4446 -3.237 0.878 
133.3043 -1.891 0.957 
135.4440 -1.866 0.883 
135.6155 0.495 0.997 
137.5834 0.310 0.925 
138.4370 -1.974 0.950 
139.5126 -2.013 0.887 
139.5826 -2.620 0.915 
141.3797 -1.355 0.958 
141.4214 -0.930 0.913 
145.4951 -3.184 0.781 
146.4294 -4.011 0.969 
147.6084 -7.765 0.899 
148.6219 -7.675 0.922 
151.4779 -7.977 0.918 
152.5157 -4.879 0.870 
155.5826 -2.449 0.919 
155.6228 0.182 0.888 
158.5493 1.633 0.935 
158.6763 -0.780 0.938 
160.6380 -1.909 0.926 
161.4305 -3.169 0.904 
161.5466 -4.106 0.967 
162.3945 -3.770 0.849 
162.5202 -4.135 0.859 
163.4887 -4.491 0.889 
167.5634 -5.295 0.768 
168.4665 -6.424 0.931 
168.6490 -4.423 0.949 
172.4420 -5.681 1.000 
173.3617 -4.804 0.977 
174.5642 -3.750 0.950 
174.6486 -1.397 0.895 
176.4961 -0.730 0.915 
180.4650 -1.318 0.887 
189.3433 -5.182 0.977 
191.5562 -5.711 0.933 
196.5399 -1.568 0.895 
196.6704 -0.968 0.846 
198.5805 -2.027 0.880 
200.5757 -2.676 0.802 
204.5056 -5.179 0.976 
210.3553 -5.308 0.917 
226.5736 -7.030 0.871 
229.6425 -5.736 0.960 
230.4731 -5.547 0.862 
242.6539 -3.968 0.880 
374.3772 -3.845 0.951 
383.4089 -5.635 0.917 
393.4196 -3.732 0.859 
401.6759 -7.117 0.857 
405.3099 -5.487 0.912 
407.5305 -3.025 0.905 
412.6038 -3.468 0.906 
418.5260 -5.741 0.890 
418.6242 -2.598 0.878 
425.4865 -4.560 0.886 
425.6210 -4.292 0.963 
425.6618 -5.204 0.878 
428.6999 -3.340 0.897 
430.4549 -3.589 0.834 
432.6547 -5.431 0.835 
432.6763 -5.611 0.872 
435.3172 -6.582 0.940 
436.5665 -4.976 0.925 
437.4855 -5.342 0.962 
437.5938 -5.519 0.901 
437.5958 -4.903 0.840 
442.4937 -4.573 0.818 
447.4732 -4.106 0.897 
447.4869 -0.495 0.922 
447.5127 -2.649 0.921 
449.5851 -1.123 0.845 
450.4618 -1.949 0.895 
452.4257 -2.275 0.929 
452.5320 -3.260 0.961 
453.3759 -6.333 1.012 
455.6811 -5.560 0.857 
456.4068 -7.169 0.869 
458.3508 -5.444 0.978 
458.4541 -4.896 0.970 
459.3307 -4.354 0.942 
459.4134 -3.398 0.910 
460.4690 -3.393 0.932 
460.6343 -3.403 0.801 
460.6832 -2.333 0.884 
464.4749 -7.648 0.881 
466.3815 -4.644 0.908 
466.6775 -6.704 0.803 
468.6130 -2.639 0.922 
468.6524 -5.371 0.947 
471.4393 -3.387 0.954 
472.4249 -4.832 0.952 
479.4579 -4.413 0.949 
480.5797 -3.798 0.871 
481.5233 -3.362 0.905 
485.3010 -5.601 0.934 
485.4874 -3.220 0.815 
486.4881 -3.957 0.925 
492.6467 -3.225 0.903 
493.5687 -3.726 0.869 
495.3316 -6.270 0.889 
497.3431 -5.359 0.939 
499.6308 -6.044 0.895 
503.3596 -4.125 0.965 
504.5030 -6.204 1.005 
505.3007 -4.645 0.854 
507.4024 -2.976 0.931 
509.3726 -1.464 0.863 
510.3999 -2.137 0.931 
511.3055 -0.315 0.918 
511.5662 -2.294 0.800 
514.6262 -4.994 0.849 
515.6727 -3.045 0.983 
516.4284 -6.661 0.847 
516.5735 -4.269 0.901 
518.4480 -5.843 0.834 
518.6092 -4.436 0.923 
519.6643 -4.196 0.887 
520.6559 -4.414 0.899 
522.5815 -6.681 0.828 
524.5481 -6.108 0.897 
525.4854 -4.040 0.898 
527.4861 -1.170 0.887 
527.6205 -4.942 0.859 
528.3232 -1.112 0.920 
532.5193 -5.334 0.854 
534.6146 -6.527 0.976 
534.6628 -6.650 0.887 
534.6895 -5.403 1.006 
535.3504 -4.213 0.852 
535.4063 -6.835 0.863 
537.3121 -7.206 0.875 
538.3082 -5.548 0.938 
539.3054 -2.306 0.881 
540.6091 -5.304 0.906 
541.4169 -5.015 0.838 
542.6203 -4.119 0.961 
542.6234 -4.106 0.881 
545.4738 -3.670 0.903 
546.6647 -2.523 0.851 
548.4444 0.372 0.852 
556.4915 -7.007 0.896 
557.4652 -6.173 0.938 
573.6531 -3.664 0.879 
577.6311 -5.037 0.902 
580.6913 -3.995 0.913 
