1.6298 -4.169 0.939 
9.3979 -8.991 0.852 
25.6795 -6.780 0.978 
26.4610 -8.740 0.921 
26.6672 -6.065 0.911 
29.3115 -7.525 0.896 
37.3038 -8.969 0.818 
54.4190 -7.083 0.962 
62.3251 -8.057 0.993 
62.3788 -7.330 0.881 
63.5218 -7.624 0.935 
63.6273 -7.147 0.798 
64.4197 -6.775 0.811 
65.4447 -6.434 0.805 
65.5039 -6.341 0.898 
65.5330 -8.551 0.847 
67.3003 -6.924 0.861 
67.4700 -8.059 0.893 
67.5479 -6.892 0.889 
69.5862 -8.137 0.929 
72.5912 -5.806 0.875 
73.6245 -6.625 0.975 
73.6928 -5.538 0.809 
77.4713 -4.870 0.820 
82.4198 -5.180 0.889 
86.6609 -8.069 0.886 
87.3676 -6.430 0.987 
89.3038 -9.145 0.871 
89.4369 -10.141 0.860 
93.4010 -8.882 0.896 
93.4943 -8.011 0.966 
93.6261 -9.914 0.975 
94.3825 -7.527 0.893 
97.4989 -7.305 0.886 
99.6573 -5.548 0.857 
99.6943 -6.976 0.876 
100.5473 -6.354 0.779 
100.5660 -7.429 0.875 
101.4343 -6.403 0.848 
102.4688 -8.362 1.033 
103.3229 -7.327 0.908 
104.6580 -6.413 0.849 
105.6578 -7.563 0.967 
108.4022 -10.237 0.921 
108.6754 -9.802 0.869 
109.4803 -9.391 0.888 
111.5416 -9.098 0.848 
112.3060 -10.599 0.915 
116.5015 -7.137 0.905 
117.4084 -8.702 0.932 
117.4418 -5.720 0.889 
119.3187 -5.117 0.888 
121.6805 -7.595 0.959 
124.4771 -8.245 0.900 
124.5368 -8.079 0.893 
125.6376 -8.380 0.896 
126.6032 -7.555 0.805 
132.4085 -10.237 0.950 
141.4843 -8.104 0.892 
144.4863 -7.247 0.892 
145.3940 -8.936 0.885 
149.5875 -11.152 0.854 
150.5331 -8.795 1.020 
155.5469 -7.933 0.950 
156.4143 -6.290 0.814 
157.3772 -7.426 0.917 
159.3205 -7.964 0.914 
162.5780 -4.961 0.892 
164.5052 -6.000 0.900 
165.3232 -7.445 0.996 
168.3280 -9.024 0.961 
168.3979 -8.866 0.825 
168.5206 -8.066 0.994 
177.6416 -6.268 0.879 
178.6102 -8.250 0.906 
179.6331 -8.558 0.828 
183.5480 -8.272 0.863 
184.4077 -9.207 0.918 
184.4480 -9.387 0.843 
193.6694 -6.671 0.869 
205.6780 -11.890 0.879 
211.6342 -11.824 0.886 
214.3043 -13.650 0.920 
214.5332 -11.477 0.837 
215.3244 -14.503 0.872 
221.5876 -11.603 0.908 
226.5763 -14.031 0.894 
236.4738 -10.121 0.876 
239.5373 -10.049 0.878 
367.4969 -7.472 0.887 
383.4304 -6.836 0.904 
384.3642 -8.830 0.951 
403.4334 -8.524 0.865 
404.6893 -9.780 0.915 
409.4932 -11.502 0.910 
410.4266 -11.373 0.851 
414.4816 -13.297 0.893 
417.3778 -11.338 0.996 
420.5832 -9.227 0.971 
421.5568 -10.693 0.900 
426.6130 -9.235 0.916 
427.4146 -7.650 0.859 
431.5303 -10.563 0.897 
431.5490 -9.432 0.922 
431.5763 -9.010 0.932 
432.5940 -9.871 0.901 
433.5625 -8.183 0.853 
435.3834 -6.421 0.921 
435.5674 -7.573 0.860 
436.6320 -8.265 0.832 
437.3408 -7.789 0.913 
439.4735 -6.645 0.994 
439.6299 -8.060 0.977 
440.6262 -8.073 0.921 
441.4654 -6.545 0.982 
442.4408 -7.314 0.970 
443.5349 -7.028 0.823 
443.5647 -6.359 0.866 
444.3507 -7.413 0.884 
444.3916 -5.432 0.862 
444.4102 -4.439 0.849 
444.6113 -7.058 0.864 
447.6914 -5.881 0.893 
449.3053 -7.279 0.890 
450.6951 -8.303 0.857 
450.6993 -8.441 0.877 
451.4651 -8.697 0.852 
453.5948 -8.729 0.899 
455.5102 -9.493 0.883 
456.4969 -6.751 0.908 
456.6336 -7.827 0.824 
462.3833 -7.296 0.995 
462.4667 -8.187 0.915 
463.3547 -6.773 0.973 
464.4747 -10.430 0.921 
464.5079 -8.444 0.941 
465.3348 -8.006 0.873 
468.6088 -6.611 0.921 
473.5285 -7.887 0.878 
473.6361 -7.640 0.886 
475.6050 -7.139 0.911 
478.4613 -6.853 0.867 
478.4906 -9.249 0.907 
479.3317 -6.798 0.842 
482.5376 -7.887 0.930 
485.5443 -10.163 0.798 
487.6937 -9.235 0.868 
488.5131 -9.514 0.944 
490.5910 -9.056 0.890 
491.4470 -8.191 0.929 
496.6671 -9.421 0.964 
500.3909 -13.476 0.974 
500.4436 -8.741 0.896 
500.4515 -9.866 0.918 
500.6991 -11.168 0.888 
502.5398 -11.094 0.984 
504.5374 -11.181 0.952 
507.3587 -10.267 0.932 
507.4773 -10.941 0.836 
508.5393 -11.918 0.923 
510.3798 -7.774 0.892 
510.4034 -9.019 0.907 
510.6523 -9.177 0.962 
511.4737 -7.958 0.958 
511.6042 -8.803 0.861 
512.3863 -8.123 0.885 
512.6193 -9.842 0.904 
513.3358 -8.691 0.934 
520.5699 -5.307 0.890 
522.3161 -7.366 0.879 
523.6496 -10.534 0.942 
525.3968 -8.607 0.903 
527.5039 -9.076 0.972 
528.5626 -10.651 0.996 
532.4222 -10.687 0.919 
534.5178 -5.907 0.846 
534.6471 -8.392 0.871 
535.4808 -8.011 0.867 
535.6378 -6.734 0.923 
537.5429 -6.862 0.884 
539.4950 -6.941 0.849 
541.3920 -7.503 0.921 
541.4595 -7.719 0.937 
542.4215 -10.095 1.021 
544.5279 -8.548 0.774 
546.5711 -9.666 0.893 
546.5900 -10.809 0.931 
548.6288 -9.303 0.914 
550.4049 -8.567 0.800 
552.3859 -8.157 0.883 
557.3461 -4.985 0.814 
564.5716 -8.316 1.014 
571.6226 -11.673 0.908 
573.3601 -10.295 0.890 
584.5832 -8.643 0.841 
587.4999 -9.565 1.007 
595.4250 -5.265 0.943 
597.4999 -3.273 0.894 
598.4689 -5.179 0.860 
598.5927 -7.363 0.888 
